,일자,소비자물가,농축수산물,공업제품,집세,공공서비스,개인서비스,근원물가,생활물가,소비자물가2,농축수산물2,공업제품2,집세2,공공서비스2,개인서비스2,근원물가2,생활물가2
0,201501,1.0,1.7,0.2,2.7,0.5,1.9,2.6,-0.3,101.0,101.7,100.2,102.7,100.5,101.9,102.6,99.7
1,201502,0.6,1.8,-0.8,2.6,0.4,1.9,2.4,-0.6,102.8,100.9,102.8,103.1,102.4,104.3,102.0,202.5
2,201503,0.5,-0.1,-0.4,2.5,0.6,1.9,2.2,-0.6,102.7,100.5,105.3,103.7,104.3,106.5,101.4,305.2
3,201504,0.4,0.2,-0.5,2.4,0.7,1.9,2.1,-0.7,102.9,100.0,107.7,104.4,106.2,108.6,100.7,408.1
4,201505,0.6,2.7,-0.3,2.5,0.7,1.8,2.1,-0.5,105.6,99.7,110.2,105.1,108.0,110.7,100.2,513.7
5,201506,0.7,3.6,0.0,2.5,0.7,1.8,2.0,-0.1,109.2,99.7,112.7,105.8,109.8,112.7,100.1,622.9
6,201507,0.7,3.0,-0.1,2.6,1.7,1.9,2.1,-0.1,112.2,99.6,115.3,107.5,111.7,114.8,100.0,735.1
7,201508,0.7,2.7,-0.1,2.6,2.0,1.8,2.1,-0.1,114.9,99.5,117.9,109.5,113.5,116.9,99.9,850.0
8,201509,0.5,1.3,-0.5,2.6,1.8,1.8,2.0,-0.3,116.2,99.0,120.5,111.3,115.3,118.9,99.6,966.2
9,201510,0.8,3.0,-0.4,2.5,1.8,2.0,2.2,0.1,119.2,98.6,123.0,113.1,117.3,121.1,99.7,1085.4
10,201511,0.8,1.3,-0.1,2.5,1.8,2.0,2.2,0.1,120.5,98.5,125.5,114.9,119.3,123.3,99.8,1205.9
11,201512,1.1,2.7,0.3,2.5,1.9,2.2,2.3,0.5,123.2,98.8,128.0,116.8,121.5,125.6,100.3,1329.1
12,201601,0.6,1.5,-1.1,2.0,2.0,2.5,1.6,0.4,124.7,97.7,130.0,118.8,124.0,127.2,100.7,1453.8
13,201602,1.1,5.0,-0.7,2.0,2.1,2.7,1.7,1.0,129.7,97.0,132.0,120.9,126.7,128.9,101.7,1583.5
14,201603,0.8,4.6,-1.4,2.0,1.9,2.7,1.7,0.5,134.3,95.6,134.0,122.8,129.4,130.6,102.2,1717.8
15,201604,1.0,4.3,-0.7,1.9,1.9,2.5,1.9,0.6,138.6,94.9,135.9,124.7,131.9,132.5,102.8,1856.4
16,201605,0.8,0.6,-0.9,1.9,1.9,2.8,0.4,1.8,139.2,94.0,137.8,126.6,134.7,132.9,104.6,1995.6
17,201606,0.7,-1.4,-0.6,1.9,1.9,2.8,1.8,0.3,137.8,93.4,139.7,128.5,137.5,134.7,104.9,2133.4
18,201607,0.4,-0.3,-0.8,1.8,1.0,2.8,1.3,0.3,137.5,92.6,141.5,129.5,140.3,136.0,105.2,2270.9
19,201608,0.5,0.5,-0.7,1.8,1.0,2.9,1.3,-0.2,138.0,91.9,143.3,130.5,143.2,137.3,105.0,2408.9
20,201609,1.3,9.1,0.0,1.8,1.0,2.9,1.5,1.0,147.1,91.9,145.1,131.5,146.1,138.8,106.0,2556.0
21,201610,1.5,7.7,0.4,1.7,0.9,2.7,1.8,1.4,154.8,92.3,146.8,132.4,148.8,140.6,107.4,2710.8
22,201611,1.5,8.0,0.2,1.7,0.9,2.7,1.6,1.6,162.8,92.5,148.5,133.3,151.5,142.2,109.0,2873.6
23,201612,1.3,6.7,0.6,1.7,0.9,2.7,1.2,1.2,169.5,93.1,150.2,134.2,154.2,143.4,110.2,3043.1
24,201701,2.2,10.4,1.6,1.7,1.1,2.9,1.6,2.6,179.9,94.7,151.9,135.3,157.1,145.0,112.8,3223.0
25,201702,2.1,5.7,2.4,1.8,1.1,2.7,1.6,2.5,185.6,97.1,153.7,136.4,159.8,146.6,115.3,3408.6
26,201703,2.3,6.6,2.3,1.8,1.0,2.7,1.5,2.9,192.2,99.4,155.5,137.4,162.5,148.1,118.2,3600.8
27,201704,2.0,4.8,1.5,1.8,1.1,2.9,1.4,2.4,197.0,100.9,157.3,138.5,165.4,149.5,120.6,3797.8
28,201705,2.0,6.4,1.4,1.8,1.1,2.4,1.4,2.5,203.4,102.3,159.1,139.6,167.8,150.9,123.1,4001.2
29,201706,1.8,7.2,0.9,1.8,1.0,2.2,1.3,2.3,210.6,103.2,160.9,140.6,170.0,152.2,125.4,4211.8
30,201707,2.2,7.0,0.7,1.7,1.0,2.5,1.8,3.0,217.6,103.9,162.6,141.6,172.5,154.0,128.4,4429.4
31,201708,2.5,10.7,1.0,1.6,1.0,2.4,1.8,3.5,228.3,104.9,164.2,142.6,174.9,155.8,131.9,4657.7
32,201709,2.0,4.1,1.2,1.5,1.0,2.3,1.6,2.8,232.4,106.1,165.7,143.6,177.2,157.4,134.7,4890.1
33,201710,1.8,2.9,1.4,1.4,0.9,2.7,1.3,2.0,235.3,107.5,167.1,144.5,179.9,158.7,136.7,5125.4
34,201711,1.2,0.2,1.4,1.4,0.7,2.3,1.1,1.3,235.5,108.9,168.5,145.2,182.2,159.8,138.0,5360.9
35,201712,1.4,0.7,1.3,1.2,0.7,2.3,1.4,1.6,236.2,110.2,169.7,145.9,184.5,161.2,139.6,5597.1
36,201801,0.8,-1.8,0.8,1.1,0.5,1.7,0.9,0.7,234.4,111.0,170.8,146.4,186.2,162.1,140.3,5831.5
37,201802,1.3,2.8,0.6,1.0,0.4,2.3,1.1,1.3,237.2,111.6,171.8,146.8,188.5,163.2,141.6,6068.7
38,201803,1.2,1.2,0.8,0.9,0.4,2.6,1.3,1.1,238.4,112.4,172.7,147.2,191.1,164.5,142.7,6307.1
39,201804,1.5,3.5,1.3,0.8,0.3,2.6,1.4,1.5,241.9,113.7,173.5,147.5,193.7,165.9,144.2,6549.0
40,201805,1.5,1.7,1.5,0.6,0.2,2.8,1.3,1.5,243.6,115.2,174.1,147.7,196.5,167.2,145.7,6792.6
41,201806,1.5,0.9,1.6,0.6,0.3,2.8,1.2,1.5,244.5,116.8,174.7,148.0,199.3,168.4,147.2,7037.1
42,201807,1.1,1.2,1.8,0.5,0.1,2.4,0.8,1.1,245.7,118.6,175.2,148.1,201.7,169.2,148.3,7282.8
43,201808,1.4,4.6,1.8,0.5,0.0,2.5,0.9,1.5,250.3,120.4,175.7,148.1,204.2,170.1,149.8,7533.1
44,201809,2.1,8.6,1.8,0.4,0.0,2.7,1.3,2.5,258.9,122.2,176.1,148.1,206.9,171.4,152.3,7792.0
45,201810,2.0,8.5,1.8,0.4,0.1,2.5,1.2,2.6,267.4,124.0,176.5,148.2,209.4,172.6,154.9,8059.4
46,201811,2.0,7.6,1.4,0.3,0.2,2.8,1.4,2.3,275.0,125.4,176.8,148.4,212.2,174.0,157.2,8334.4
47,201812,1.3,5.2,0.1,0.3,0.1,2.5,1.3,1.3,280.2,125.5,177.1,148.5,214.7,175.3,158.5,8614.6
48,201901,0.8,2.5,-0.7,0.2,-0.3,2.5,1.2,0.4,282.7,124.8,177.3,148.2,217.2,176.5,158.9,8897.3
49,201902,0.5,-1.4,-0.8,0.1,-0.3,2.5,1.3,0.0,281.3,124.0,177.4,147.9,219.7,177.8,158.9,9178.6
50,201903,0.4,-0.3,-0.7,0.1,-0.3,2.0,0.9,0.0,281.0,123.3,177.5,147.6,221.7,178.7,158.9,9459.6
51,201904,0.6,0.7,-0.1,0.0,-0.3,1.7,0.9,0.4,281.7,123.2,177.5,147.3,223.4,179.6,159.3,9741.3
52,201905,0.7,1.2,0.3,-0.1,-0.2,1.6,0.8,0.8,282.9,123.5,177.4,147.1,225.0,180.4,160.1,10024.2
53,201906,0.7,1.8,0.0,-0.2,-0.2,1.9,0.9,0.8,284.7,123.5,177.2,146.9,226.9,181.3,160.9,10308.9
54,201907,0.6,-0.3,0.0,-0.2,-0.1,1.9,1.0,0.4,284.4,123.5,177.0,146.8,228.8,182.3,161.3,10593.3
55,201908,0.0,-7.3,-0.2,-0.2,0.0,1.8,0.9,-0.4,277.1,123.3,176.8,146.8,230.6,183.2,160.9,10870.4
56,201909,-0.4,-8.2,-0.2,-0.2,-1.2,1.5,0.6,-0.9,268.9,123.1,176.6,145.6,232.1,183.8,160.0,11139.3
57,201910,0.0,-3.8,-0.3,-0.2,-1.0,1.7,0.8,-0.3,265.1,122.8,176.4,144.6,233.8,184.6,159.7,11404.4
58,201911,0.2,-2.7,-0.2,-0.2,-0.9,1.6,0.6,0.2,262.4,122.6,176.2,143.7,235.4,185.2,159.9,11666.8
59,201912,0.7,-0.8,1.1,-0.2,-0.9,1.6,0.7,1.1,261.6,123.7,176.0,142.8,237.0,185.9,161.0,11928.4
60,202001,1.2,1.3,2.3,-0.1,-1.6,1.7,0.7,1.7,262.9,126.0,175.9,141.2,238.7,186.6,162.7,12191.3
61,202002,0.9,-0.7,2.2,-0.1,-1.6,1.1,0.5,1.2,262.2,128.2,175.8,139.6,239.8,187.1,163.9,12453.5
62,202003,0.8,3.3,1.3,0.1,-0.5,0.5,0.5,1.4,265.5,129.5,175.9,139.1,240.3,187.6,165.3,12719.0
63,202004,0.0,1.0,-0.5,0.0,-1.6,1.0,0.3,0.2,266.5,129.0,175.9,137.5,241.3,187.9,165.5,12985.5
64,202005,-0.2,3.6,-1.8,0.1,-1.8,1.0,0.6,-0.5,270.1,127.2,176.0,135.7,242.3,188.5,165.0,13255.6
65,202006,0.2,6.1,-1.2,0.2,-1.8,1.1,0.8,0.1,276.2,126.0,176.2,133.9,243.4,189.3,165.1,13531.8
66,202007,0.4,8.8,-0.5,0.2,-1.8,1.0,0.7,0.3,285.0,125.5,176.4,132.1,244.4,190.0,165.4,13816.8
67,202008,0.8,12.3,-0.5,0.3,-1.7,1.1,0.8,0.7,297.3,125.0,176.7,130.4,245.5,190.8,166.1,14114.1
68,202009,0.9,12.8,-0.8,0.4,-0.7,1.2,0.9,1.0,310.1,124.2,177.1,129.7,246.7,191.7,167.1,14424.2
69,202010,0.1,12.5,-1.1,0.5,-6.0,1.3,0.2,-0.7,322.6,123.1,177.6,123.7,248.0,191.9,166.4,14746.8
70,202011,0.6,10.5,-1.0,0.6,-1.4,1.4,1.1,0.0,333.1,122.1,178.2,122.3,249.4,193.0,166.4,15079.9
71,202012,0.6,8.9,-1.0,0.6,-1.0,1.5,1.1,0.0,342.0,121.1,178.8,121.3,250.9,194.1,166.4,15421.9
72,202101,0.9,10.5,-0.8,0.7,0.0,1.6,1.2,0.8,352.5,120.3,179.5,121.3,252.5,195.3,167.2,15774.4
73,202102,1.4,16.1,-0.8,0.8,0.1,1.7,1.2,1.7,368.6,119.5,180.3,121.4,254.2,196.5,168.9,16143.0
74,202103,1.9,13.3,0.5,1.0,0.3,2.2,1.4,2.1,381.9,120.0,181.3,121.7,256.4,197.9,171.0,16524.9
75,202104,2.5,13.2,2.0,1.1,0.4,2.4,1.6,3.1,395.1,122.0,182.4,122.1,258.8,199.5,174.1,16920.0
76,202105,2.6,11.3,2.6,1.3,0.5,2.6,1.5,3.4,406.4,124.6,183.7,122.6,261.4,201.0,177.5,17326.4
77,202106,2.3,9.5,2.2,1.3,0.6,2.5,1.5,3.0,415.9,126.8,185.0,123.2,263.9,202.5,180.5,17742.3
78,202107,2.6,8.5,2.4,1.4,0.6,2.7,1.8,3.5,424.4,129.2,186.4,123.8,266.6,204.3,184.0,18166.7
79,202108,2.6,5.6,2.9,1.5,0.5,2.8,1.9,3.3,430.0,132.1,187.9,124.3,269.4,206.2,187.3,18596.7
80,202109,2.4,3.1,3.0,1.7,0.7,2.7,2.0,3.1,433.1,135.1,189.6,125.0,272.1,208.2,190.4,19029.8
81,202110,3.2,0.5,3.8,1.7,6.1,2.7,2.8,4.6,433.6,138.9,191.3,131.1,274.8,211.0,195.0,19463.4
82,202111,3.8,7.6,5.2,1.9,1.2,3.0,2.4,5.2,441.2,144.1,193.2,132.3,277.8,213.4,200.2,19904.6
83,202112,3.7,7.8,4.7,2.0,0.9,3.4,2.7,4.6,449.0,148.8,195.2,133.2,281.2,216.1,204.8,20353.6
84,202201,3.8,6.6,4.5,2.1,1.0,3.9,3.0,4.3,455.6,153.3,197.3,134.2,285.1,219.1,209.1,20809.2
85,202202,3.8,1.8,5.4,2.1,0.9,4.2,3.3,4.3,457.4,158.7,199.4,135.1,289.3,222.4,213.4,21266.6
86,202203,4.2,0.7,7.0,2.0,0.5,4.3,3.3,5.1,458.1,165.7,201.4,135.6,293.6,225.7,218.5,21724.7
87,202204,4.8,2.0,7.7,2.0,0.6,4.5,3.6,5.8,460.1,173.4,203.4,136.2,298.1,229.3,224.3,22184.8
88,202205,5.3,4.0,8.2,2.0,0.7,5.1,4.0,6.6,464.1,181.6,205.4,136.9,303.2,233.3,230.9,22648.9
89,202206,6.0,4.7,9.3,1.9,0.8,5.8,4.4,7.3,468.8,190.9,207.3,137.7,309.0,237.7,238.2,23117.7
90,202207,6.3,6.9,8.8,1.9,0.9,6.1,4.5,7.8,475.7,199.7,209.2,138.6,315.1,242.2,246.0,23593.4
91,202208,5.7,6.8,6.9,1.9,0.9,6.3,4.5,6.7,482.5,206.6,211.1,139.5,321.4,246.7,252.7,24075.9
92,202209,5.5,5.9,6.6,1.8,0.7,6.3,4.5,6.3,488.4,213.2,212.9,140.2,327.7,251.2,259.0,24564.3
93,202210,5.6,5.1,6.3,1.7,0.8,6.3,4.7,6.4,493.5,219.5,214.6,141.0,334.0,255.9,265.4,25057.8
94,202211,5.0,0.3,5.8,1.6,0.8,6.2,4.8,5.5,493.8,225.3,216.2,141.8,340.2,260.7,270.9,25551.6
95,202212,5.0,0.4,6.0,1.4,0.8,6.0,4.7,5.7,494.2,231.3,217.6,142.6,346.2,265.4,276.6,26045.8
96,202301,5.0,0.8,5.6,1.3,0.7,5.8,4.8,5.8,495.0,236.9,218.9,143.3,352.0,270.2,282.4,26540.8
97,202302,4.7,0.9,4.8,1.1,0.8,5.7,4.7,5.3,495.9,241.7,220.0,144.1,357.7,274.9,287.7,27036.7
98,202303,4.2,2.8,2.8,0.9,1.1,5.7,4.7,4.3,498.7,244.5,220.9,145.2,363.4,279.6,292.0,27535.4
99,202304,3.7,1.0,2.1,0.8,0.9,5.9,4.5,3.7,499.7,246.6,221.7,146.1,369.3,284.1,295.7,28035.1
100,202305,3.4,0.0,1.9,0.6,0.8,5.5,4.3,3.3,499.7,248.5,222.3,146.9,374.8,288.4,299.0,28534.8
101,202306,2.7,0.6,0.3,0.5,0.8,4.8,4.0,2.5,500.3,248.8,222.8,147.7,379.6,292.4,301.5,29035.1
102,202307,2.4,0.1,0.1,0.3,1.0,4.4,3.8,2.0,500.4,248.9,223.1,148.7,384.0,296.2,303.5,29535.5
103,202308,3.4,3.2,2.6,0.2,1.5,4.1,3.7,3.9,503.6,251.5,223.3,150.2,388.1,299.9,307.4,30039.1
104,202309,3.7,4.4,3.4,0.1,1.6,4.1,3.7,4.4,508.0,254.9,223.4,151.8,392.2,303.6,311.8,30547.1
105,202310,3.8,8.0,3.6,0.0,2.0,4.1,3.5,4.5,516.0,258.5,223.4,153.8,396.3,307.1,316.3,31063.1
106,202311,3.3,7.2,2.5,0.0,2.1,4.0,3.2,3.9,523.2,261.0,223.4,155.9,400.3,310.3,320.2,31586.3
107,202312,3.2,7.7,2.1,-0.1,1.9,3.9,3.1,3.7,530.9,263.1,223.3,157.8,404.2,313.4,323.9,32117.2
108,202401,2.8,8.0,1.8,-0.2,2.2,3.5,2.6,3.4,538.9,264.9,223.1,160.0,407.7,316.0,327.3,32656.1
109,202402,3.1,11.4,2.1,-0.1,2.0,3.4,2.6,3.7,550.3,267.0,223.0,162.0,411.1,318.6,331.0,33206.4
110,202403,3.1,11.7,2.2,0.0,2.0,3.1,2.4,3.8,562.0,269.2,223.0,164.0,414.2,321.0,334.8,33768.4
111,202404,2.9,10.6,2.2,0.0,2.2,2.8,2.3,3.5,572.6,271.4,223.0,166.2,417.0,323.3,338.3,34341.0
